0.0 0.0 50.0
0.0 0.0 0.0 
0.0 1.0 0.0
80.0 1.0 1.0 100.0
triangle
0.0 0.0 0.0
5.0 0.0 0.0
0.0 5.0 0.0
push
scale
2.0 2.0 2.0
triangle
0.0 0.0 0.0
5.0 0.0 0.0
0.0 5.0 0.0
translate
10.0 0.0 0.0
triangle
0.0 0.0 0.0
5.0 0.0 0.0
0.0 5.0 0.0
push
rotate
90.0 0.0 0.0 1.0
triangle
0.0 0.0 0.0
5.0 0.0 0.0
0.0 5.0 0.0
scale
2.0 2.0 2.0
triangle
0.0 0.0 0.0
5.0 0.0 0.0
0.0 5.0 0.0
pop
push
translate
10.0 0.0 0.0
triangle
0.0 0.0 0.0
5.0 0.0 0.0
0.0 5.0 0.0
rotate
-90.0 0.0 1.0 0.0
triangle
0.0 0.0 0.0
5.0 0.0 0.0
0.0 5.0 0.0
end